1008,102,"12/19/79JIM JONES                                       Y",-100,835,100,0,0,0,0,0,0,0,0,0,0                                                                                                                                                   
1009,102,"12/19/79DAVE HARPER             THIS IS A TEST          Y",-100,875,100,0,0,0,0,0,0,0,0,0,0                                                                                                                                                   
1010,102,"12/19/79THE COMPUTER STORE      TTTTTT                  Y",-100,845,100,0,0,0,0,0,0,0,0,0,0                                                                                                                                                   
1011,102,"12/19/79RRRR                    RRR                     Y",-50,987,50,0,0,0,0,0,0,0,0,0,0                                                                                                                                                     
0,0,"                                                                      ",0,0,0,0,0,0,0,0,0,0,0,0,0                                                                                                                                                  
0,0,"                                                                      ",0,0,0,0,0,0,0,0,0,0,0,0,0                                                                                                                                                  
0,0,"                                                                      ",0,0,0,0,0,0,0,0,0,0,0,0,0                                                                                                                                                  
0,0,"                                                                      ",0,0,0,0,0,0,0,0,0,0,0,0,0                                                                                                                                                  
0,0,"                                                                      ",0,0,0,0,0,0,0,0,0,0,0,0,0                                                                                                                                                  
0,0,"                                                                      ",0,0,0,0,0,0,0,0,0,0,0,0,0                                                                                                                                                  
0,0,"                                                                      ",0,0,0,0,0,0,0,0,0,0,0,0,0                                                                                                                                                  
0,0,"                                                                      ",0,0,0,0,0,0,0,0,0,0,0,0,0                                                                                                                                                  
0,0,"                                                                      ",0,0,0,0,0,0,0,0,0,0,0,0,0                                                                                                                                                  
0,0,"                                                                      ",0,0,0,0,0,0,0,0,0,0,0,0,0                                                                                                                                                  
0,0,"                                                                      ",0,0,0,0,0,0,0,0,0,0,0,0,0                                                                                                                                                  
0,0,"                                                                      ",0,0,0,0,0,0,0,0,0,0,0,0,0                                                                                                                                                  
0,0,"                                                                      ",0,0,0,0,0,0,0,0,0,0,0,0,0                                                                                                                                                  
0,0,"                                                                      ",0,0,0,0,0,0,0,0,0,0,0,0,0                                                                                                                                                  
0,0,"                                                                      ",0,0,0,0,0,0,0,0,0,0,0,0,0                                                                                                                                                  
0,0,"                                                                      ",0,0,0,0,0,0,0,0,0,0,0,0,0                                                                                                                                                  
0,0,"                                                                      ",0,0,0,0,0,0,0,0,0,0,0,0,0                                                                                                                                                  
0,0,"                                                                      ",0,0,0,0,0,0,0,0,0,0,0,0,0                                                                                                                                                  
