 100 , 220 ,"Jim Hale                The Paper Works         102 Anywhere            The City         CA97654(213) 555 2343                                                                                                              KANSAS CITY    ", 127 , 127 , 0 , 0 , 0 , 0                                                                                                           
0,0,"                                                                                                                                                                                                                                    ",0,0,0,0,0,0                                                                                                                                        
0,0,"                                                                                                                                                                                                                                    ",0,0,0,0,0,0                                                                                                                                        
0,0,"                                                                                                                                                                                                                                    ",0,0,0,0,0,0                                                                                                                                        
0,0,"                                                                                                                                                                                                                                    ",0,0,0,0,0,0                                                                                                                                        
0,0,"                                                                                                                                                                                                                                    ",0,0,0,0,0,0                                                                                                                                        
0,0,"                                                                                                                                                                                                                                    ",0,0,0,0,0,0                                                                                                                                        
0,0,"                                                                                                                                                                                                                                    ",0,0,0,0,0,0                                                                                                                                        
0,0,"                                                                                                                                                                                                                                    ",0,0,0,0,0,0                                                                                                                                        
0,0,"                                                                                                                                                                                                                                    ",0,0,0,0,0,0                                                                                                                                        
0,0,"                                                                                                                                                                                                                                    ",0,0,0,0,0,0                                                                                                                                        
0,0,"                                                                                                                                                                                                                                    ",0,0,0,0,0,0                                                                                                                                        
