 10 , 10 ,"2220   AB-220      widget                  showroom                12-31-7712-31-76none      ", 1 , 2.5 , 5.55 , 0 , 50 , 0 , 0 , 0 , 2 , 30                                                                                                        
 10 , 10 ,"2221   AC-221      gidget                  showroom                12-31-7712-31-76none      ", 2 , 2.5 , 5.55 , 0 , 0 , 0 , 0 , 0 , 5 , 30                                                                                                         
 10 , 10 ,"2222   AD-223      gadget                  showroom                12-31-7712-31-763         ", 1 , 3.577 , 6.55 , 0 , 0 , 0 , 0 , 0 , 5 , 30                                                                                                       
0,0,"",0,0,0,0,0,0,0,0,0,0                                                                                                                                                                                                                                    
0,0,"",0,0,0,0,0,0,0,0,0,0                                                                                                                                                                                                                                    
0,0,"",0,0,0,0,0,0,0,0,0,0                                                                                                                                                                                                                                    
0,0,"",0,0,0,0,0,0,0,0,0,0                                                                                                                                                                                                                                    
0,0,"",0,0,0,0,0,0,0,0,0,0                                                                                                                                                                                                                                    
0,0,"",0,0,0,0,0,0,0,0,0,0                                                                                                                                                                                                                                    
0,0,"",0,0,0,0,0,0,0,0,0,0                                                                                                                                                                                                                                    
0,0,"                                                                                ",0,0,0,0,0,0,0,0,0,0                                                                                                                                                    
0,0,"                                                                                ",0,0,0,0,0,0,0,0,0,0                                                                                                                                                    
0,0,"                                                                                ",0,0,0,0,0,0,0,0,0,0                                                                                                                                                    
0,0,"                                                                                ",0,0,0,0,0,0,0,0,0,0                                                                                                                                                    
0,0,"                                                                                ",0,0,0,0,0,0,0,0,0,0                                                                                                                                                    
0,0,"                                                                                ",0,0,0,0,0,0,0,0,0,0                                                                                                                                                    
0,0,"                                                                                ",0,0,0,0,0,0,0,0,0,0                                                                                                                                                    
0,0,"                                                                                ",0,0,0,0,0,0,0,0,0,0                                                                                                                                                    
0,0,"                                                                                ",0,0,0,0,0,0,0,0,0,0                                                                                                                                                    
0,0,"                                                                                ",0,0,0,0,0,0,0,0,0,0                                                                                                                                                    
0,0,"                                                                                ",0,0,0,0,0,0,0,0,0,0                                                                                                                                                    
