 100 , 198 ,"HAASSETS                        ", 101 , 198 , 0 , 0 , 0 , 0 , 0 , 0                                                                    
 200 , 295 ,"HLLIABILITIES & EQUITY          ", 201 , 295 , 0 , 0 , 0 , 0 , 0 , 0                                                                    
 300 , 303 ,"HSINCOME                        ", 301 , 303 , 0 , 0 , 0 , 0 , 0 , 0                                                                    
 400 , 401 ,"HXCOST OF GOODS                 ", 401 , 401 , 0 , 0 , 0 , 0 , 0 , 0                                                                    
 800 , 884 ,"HXEXPENSES                      ", 801 , 884 , 0 , 0 , 0 , 0 , 0 , 0                                                                    
0,0,"",0,0,0,0,0,0,0,0                                                                                                                              
0,0,"",0,0,0,0,0,0,0,0                                                                                                                              
0,0,"",0,0,0,0,0,0,0,0                                                                                                                              
0,0,"",0,0,0,0,0,0,0,0                                                                                                                              
0,0,"",0,0,0,0,0,0,0,0                                                                                                                              
0,0,"",0,0,0,0,0,0,0,0                                                                                                                              
0,0,"",0,0,0,0,0,0,0,0                                                                                                                              
0,0,"",0,0,0,0,0,0,0,0                                                                                                                              
