1001,864,"Jim Rathbone            ",2,0,0,0,0,0,0,0,0                                                                         
1002,864,"Robert Ranger           ",2,0,0,0,0,0,0,0,0                                                                         
1003,864,"Geraldine Smith         ",2,0,0,0,0,0,0,0,0                                                                         
1004,864,"Bob Niles               ",2,0,0,0,0,0,0,0,0                                                                         
0,0,"                              ",0,0,0,0,0,0,0,0,0                                                                        
0,0,"                              ",0,0,0,0,0,0,0,0,0                                                                        
0,0,"                              ",0,0,0,0,0,0,0,0,0                                                                        
0,0,"                              ",0,0,0,0,0,0,0,0,0                                                                        
0,0,"                              ",0,0,0,0,0,0,0,0,0                                                                        
0,0,"                              ",0,0,0,0,0,0,0,0,0                                                                        
0,0,"                              ",0,0,0,0,0,0,0,0,0                                                                        
0,0,"                              ",0,0,0,0,0,0,0,0,0                                                                        
0,0,"                              ",0,0,0,0,0,0,0,0,0                                                                        
0,0,"                              ",0,0,0,0,0,0,0,0,0                                                                        
0,0,"                              ",0,0,0,0,0,0,0,0,0                                                                        
0,0,"                              ",0,0,0,0,0,0,0,0,0                                                                        
0,0,"                              ",0,0,0,0,0,0,0,0,0                                                                        
0,0,"                              ",0,0,0,0,0,0,0,0,0                                                                        
0,0,"                              ",0,0,0,0,0,0,0,0,0                                                                        
0,0,"                              ",0,0,0,0,0,0,0,0,0                                                                        
0,0,"                              ",0,0,0,0,0,0,0,0,0                                                                        
0,0,"                              ",0,0,0,0,0,0,0,0,0                                                                        
